Récupération des arguments
Chargement de l'image
étude des pixels de l'image
pixels w2340;h1654 nbpixels3870360 elems289730
Analyse coins 4
coin retenu 46.47090877131306;1547.968359992969 5689
Reperes 110
 48.95444839857651;1158.2405693950177 1405
 48.09955423476969;1235.3655274888558 1346
 49.05011565150347;994.4124903623747 1297
 48.552160953800296;1076.188524590164 1342
 49.23862729449321;922.7422186751795 1253
 51.36396790663749;448.79066374908825 1371
 50.59652928416486;607.47143890094 1383
 51.83628632175762;367.1977321048901 1411
 51.06044376434583;532.2884468247896 1307
 52.39911634756996;288.0360824742268 1358
 221.19745762711864;1549.8872881355933 1180
 228.2247585601405;64.42932396839333 1139
 258.82409012131717;1550.15424610052 1154
 265.0112068965517;64.22241379310344 1160
 296.1327731092437;1550.8781512605042 1190
 302.06368330464716;64.67814113597247 1162
 333.7395388556789;1551.3450042698548 1171
 339.9931740614334;65.02901023890784 1172
 370.81550126368995;1551.6166807076663 1187
 376.98101811906815;65.46678170836928 1159
 595.4327176781003;1553.3210202286718 1137
 600.9948409286328;67.47033533963886 1163
 632.5348837209302;1554.0189491817398 1161
 638.01625320787;67.76646706586827 1169
 669.4545454545455;1553.9458041958042 1144
 675.0752324598478;68.07269653423499 1183
 707.0192307692307;1554.5602006688964 1196
 712.7127659574468;68.13829787234043 1128
 743.660621761658;1554.848877374784 1158
 749.1447140381282;69.27816291161179 1154
 781.3319002579535;1555.1693895098883 1163
 786.9982862039417;69.17480719794345 1167
 818.2544833475662;1555.932536293766 1171
 824.0557939914163;69.47896995708155 1165
 856.361038961039;1556.077922077922 1155
 862.0076660988075;70.0289608177172 1174
 893.4259581881533;1556.151567944251 1148
 899.000860585198;70.38037865748709 1162
 930.6905187835421;1556.4874776386405 1118
 936.9743808710504;70.81895815542272 1171
 967.5904677846426;1556.9849955869374 1133
 973.8376511226252;70.8825561312608 1158
 1005.0;1557.0 1207
 1010.339176161262;71.53198948290972 1141
 1042.453262786596;1557.5502645502645 1134
 1048.0179640718563;71.82634730538922 1169
 1079.3018056749786;1558.4135855546 1163
 1085.0;71.94382978723404 1175
 1116.2376490630324;1558.4267461669506 1174
 1121.9922346850733;72.47454702329594 1159
 1153.8030303030303;1558.2895622895624 1188
 1159.1682567215958;73.39202081526453 1153
 1190.9834847233692;1559.0569777043765 1211
 1196.32;73.68782608695652 1150
 1228.4693520140106;1559.3082311733801 1142
 1234.0591259640103;74.04284490145673 1167
 1266.4022687609074;1559.9677137870856 1146
 1271.2196180555557;74.34635416666667 1152
 1303.5057167985929;1560.0316622691294 1137
 1309.0973913043479;74.63652173913043 1150
 1341.0049668874171;1560.1763245033112 1208
 1346.156089193825;75.1123499142367 1166
 1378.593886462882;1560.3930131004367 1145
 1384.0903614457832;75.27022375215147 1162
 1416.0016570008286;1560.838442419221 1207
 1421.0910652920961;75.26546391752578 1164
 1453.4654418197724;1561.0271216097988 1143
 1458.2958833619211;75.78387650085763 1166
 1490.4401408450703;1561.0695422535211 1136
 1496.0187393526405;75.91226575809199 1174
 1527.7961082910322;1561.3282571912014 1182
 1533.213977566868;76.2855910267472 1159
 1565.3922077922077;1562.252813852814 1155
 1570.914748508099;76.40664961636828 1173
 1603.0533778148458;1562.232693911593 1199
 1608.921186440678;76.93813559322034 1180
 1640.421184320267;1562.5462885738116 1199
 1646.0076660988075;76.97189097103919 1174
 1678.0130775937228;1563.0680034873583 1147
 1684.0;77.0 1173
 1715.7593220338983;1562.5906779661018 1180
 1721.396388650043;77.82545141874462 1163
 1753.4053356282272;1563.472461273666 1162
 1759.0618556701031;78.15292096219932 1164
 1790.8656591099916;1563.538203190596 1191
 1796.7285714285715;78.30336134453782 1190
 1828.0184718723763;1563.7816960537364 1191
 1834.084120171674;78.45751072961373 1165
 1865.512647554806;1564.02107925801 1186
 1871.0625535561269;79.08226221079691 1167
 1902.3446843853822;1564.6519933554816 1204
 1908.0305862361938;78.94392523364486 1177
 1939.9258620689654;1564.7241379310344 1160
 1945.5837063563115;78.92300805729633 1117
 1976.9603106125971;1564.950819672131 1159
 1982.9770408163265;79.08843537414965 1176
 2014.04920913884;1565.0281195079085 1138
 2020.494128274616;79.72719060523939 1107
 2051.4217067108534;1565.603148301574 1207
 2058.0076660988075;79.97189097103919 1174
 2250.8898113207547;1176.9328301886792 1325
 2250.8620967741936;1254.0556451612904 1240
 2252.133122028526;939.4413629160064 1262
 2251.143682906689;1011.7481420313791 1211
 2251.5926517571884;1093.6166134185303 1252
 2253.332066869301;465.09802431610944 1316
 2253.067901234568;548.2754629629629 1296
 2252.8058778035575;624.1987625676721 1293
 2253.6373098478784;384.4691753402722 1249
 2254.752738654147;306.65962441314554 1278
Marques 120
Recherche de la rotation à effectuer
coin 46.47090877131306;1547.968359992969 7;86 ; 1512;1584 2340;1654
Marque en bas à gauche
Rotation listes repères
Rotation listes marques
liste_h 90
liste_v 20
Position coin avant rotation 46.47090877131306;1547.968359992969
Position coin après rotation 106.03164000703111;46.47090877131306
Rotation coins à effacer
Determination des listes de repères gauche droite haut bas
liste_gauche 45
liste_droite 45
liste_haut 10
liste_bas 10
Rotation Image
nouvelles dimensions w=1654 h=2340
Image corrigée
hauteur=2340 __ largeur=1654
Tri des listes de repères suivant leur position
104.11271186440678 221.19745762711864
89.39685169842585 2051.4217067108534
hy=1830.283409331611
alpha=-0.46067497508036387
Conversion de l'image corrigée en jpg
temps 5.956s
